1000 9893
694 951
632 442
778 498
525 871
765 354
507 94
125 899
255 980
73 824
186 633
481 895
246 697
256 615
262 589
798 659
341 76
137 423
677 546
471 985
700 901
97 696
60 548
252 744
971 90
75 97
296 338
813 819
722 776
174 663
161 57
416 859
682 426
645 294
957 244
575 677
317 149
943 65
271 52
782 961
11 481
677 149
226 474
779 845
792 547
39 56
240 797
59 435
615 734
836 665
253 633
179 842
878 840
391 289
809 336
618 571
747 12
639 10
992 213
934 712
595 432
832 782
120 16
326 536
401 358
560 952
542 632
671 924
250 782
950 205
962 663
10 312
428 223
240 519
840 231
368 792
935 744
77 192
261 393
353 632
101 202
358 747
381 330
826 41
555 413
239 92
650 507
689 343
525 937
656 536
362 521
608 353
664 51
186 315
502 529
854 762
379 198
532 106
94 703
354 536
655 876
531 818
535 778
151 541
924 771
575 413
17 729
237 62
137 192
601 811
634 673
10 49
878 441
133 276
556 644
65 102
619 699
714 605
2 912
160 269
74 335
238 570
636 985
251 445
568 361
412 514
202 122
24 886
636 703
73 534
442 444
150 101
170 879
211 121
230 311
338 140
46 421
728 828
358 75
344 517
823 183
644 538
617 516
407 620
948 176
513 449
496 58
609 120
771 921
132 937
522 474
943 767
818 388
146 893
150 417
758 650
94 224
964 29
159 140
548 348
163 822
882 386
999 520
591 350
99 948
337 127
944 33
211 546
273 99
33 262
752 922
381 898
937 824
55 749
183 472
497 881
137 288
102 648
964 307
159 363
821 342
609 548
8 723
445 610
670 101
727 12
824 341
53 109
418 442
578 732
156 362
982 186
535 970
556 779
740 120
522 951
925 474
565 115
31 700
489 896
833 315
32 6
215 559
860 800
866 421
868 363
905 231
506 52
571 984
632 562
994 449
939 448
83 546
1000 562
140 491
717 761
696 331
921 696
511 906
724 281
325 818
160 539
71 338
199 793
791 949
44 734
351 994
767 298
895 225
18 749
737 771
455 576
773 619
351 627
743 301
156 611
196 688
13 422
738 175
352 478
334 290
154 76
62 845
637 923
448 929
641 630
895 455
453 176
438 780
314 790
131 692
619 1
802 547
968 263
107 309
954 358
58 275
177 670
885 334
172 495
384 904
49 124
826 110
745 16
421 820
419 303
595 838
159 273
508 149
453 756
225 637
756 354
722 334
284 661
301 593
894 720
101 388
938 374
315 989
85 495
945 582
161 55
270 339
313 236
460 69
635 945
308 49
402 970
76 53
956 117
955 794
498 867
688 447
984 508
632 748
905 178
355 71
321 43
195 558
15 219
60 496
186 823
189 212
887 509
501 290
446 765
964 890
514 749
770 643
282 985
835 751
819 242
105 974
126 736
643 288
847 512
244 619
118 68
800 261
696 470
201 792
903 643
448 239
879 768
952 559
525 30
838 111
14 605
970 959
3 204
666 404
426 913
211 49
999 56
196 315
202 660
295 689
600 319
763 861
585 173
272 362
21 161
559 673
448 168
270 832
950 230
111 814
883 257
686 284
335 950
104 696
358 381
393 397
21 387
632 110
979 643
710 625
237 533
650 452
890 961
962 594
229 113
180 651
54 356
539 964
276 166
629 752
405 518
191 53
789 864
647 262
523 316
935 11
428 719
857 459
275 196
797 161
711 369
126 979
307 855
308 388
627 670
222 326
709 848
618 807
878 269
91 685
773 102
847 966
226 908
777 484
901 177
710 442
592 293
477 829
446 616
341 286
645 118
911 742
187 648
497 368
445 304
174 886
857 816
787 541
131 65
60 105
944 924
359 31
272 25
753 592
537 547
425 717
520 640
196 648
710 690
761 46
923 459
357 923
675 378
155 461
58 344
884 940
14 859
296 604
336 537
944 472
375 728
22 634
788 665
978 929
594 152
723 324
135 82
285 353
2 645
370 331
794 665
153 279
119 724
360 333
654 901
353 95
570 64
609 686
884 352
559 776
798 48
210 272
846 220
280 317
675 38
256 294
973 752
778 407
449 267
730 940
716 335
312 125
32 239
441 863
26 823
209 395
561 638
85 264
57 617
285 854
124 226
757 215
878 463
534 811
942 872
65 244
565 143
734 526
723 306
61 864
366 792
875 568
653 604
375 320
515 519
769 779
611 430
575 331
94 139
747 584
279 15
27 94
853 486
340 15
921 558
507 534
718 988
644 967
587 9
23 10
10 935
725 156
931 565
326 185
273 323
184 738
758 92
652 329
835 965
766 887
843 510
268 796
963 173
706 938
121 250
31 234
69 122
948 659
788 1000
980 300
853 538
430 837
378 634
328 139
720 893
171 567
923 580
466 233
219 803
491 582
474 358
564 949
121 581
586 921
509 54
510 369
426 538
903 28
675 197
436 727
941 378
372 696
661 139
129 874
224 680
209 68
281 599
120 489
674 6
109 561
117 402
609 571
545 275
582 790
307 576
85 567
449 279
220 866
955 753
214 133
248 919
726 188
87 498
716 450
873 553
322 289
836 382
808 616
700 590
332 330
522 662
374 245
644 758
229 734
947 863
198 295
473 804
626 290
844 493
496 67
60 348
246 51
672 70
451 969
309 154
627 884
424 399
504 957
549 913
986 541
168 172
165 920
115 741
813 540
562 284
502 506
754 819
614 475
685 468
837 200
785 293
610 338
520 598
447 593
363 673
487 336
974 900
466 394
171 531
478 685
63 513
546 573
693 698
221 771
150 467
408 238
410 516
512 740
508 295
769 203
971 673
715 787
537 87
498 333
957 818
779 62
618 106
945 778
196 132
443 99
560 175
524 904
677 629
959 398
229 173
327 720
419 669
797 811
137 428
582 882
713 737
364 603
20 383
350 514
591 704
214 839
94 519
777 237
248 947
542 303
713 100
964 581
472 780
427 490
627 645
900 237
948 965
100 771
490 931
381 806
667 944
675 502
540 907
287 996
151 155
902 689
796 172
734 521
930 806
182 823
822 839
292 418
866 27
888 575
914 389
109 527
423 638
49 300
302 110
550 688
737 927
461 567
244 185
45 952
128 813
839 594
589 827
754 934
500 82
852 303
709 98
989 146
917 373
499 410
279 616
267 32
54 936
129 7
149 76
98 932
125 93
533 182
76 519
537 51
850 986
837 736
798 580
278 479
426 357
500 534
393 884
251 664
533 392
161 513
828 852
777 990
546 5
160 968
768 55
163 559
863 518
829 914
8 748
280 337
707 42
82 402
447 239
360 159
988 513
989 888
156 339
443 635
730 120
566 482
334 254
928 171
147 769
282 536
967 155
270 614
807 643
611 2
740 742
333 824
563 167
927 240
736 817
827 746
747 582
518 973
584 868
726 672
857 823
342 697
511 210
197 553
174 998
917 582
93 945
376 414
892 894
969 399
491 831
936 192
59 147
244 12
3 457
900 857
326 103
525 372
712 837
345 796
327 852
573 616
832 558
615 237
361 10
489 477
181 319
689 356
96 361
629 945
760 960
962 516
944 7
447 476
203 680
247 64
737 743
668 854
464 156
137 266
414 830
987 104
314 498
190 257
375 799
342 460
569 376
806 639
475 685
226 621
261 58
539 914
590 337
994 614
707 407
446 457
138 902
964 526
664 322
792 439
830 83
335 97
105 730
587 330
803 793
401 201
19 230
133 274
319 571
895 536
114 747
79 591
351 234
961 34
766 783
144 900
566 667
630 334
978 999
808 314
862 141
511 97
863 220
496 262
369 520
408 680
631 848
469 605
604 957
240 827
313 961
266 669
598 522
145 264
787 681
224 271
614 572
961 622
391 263
317 551
426 854
923 470
563 895
712 643
196 380
715 520
296 682
121 475
604 256
917 429
519 297
745 366
873 964
158 835
1 4
388 716
251 610
33 683
941 973
453 542
147 415
718 42
24 466
617 949
266 51
307 677
682 635
793 258
393 908
730 879
180 332
935 492
557 442
7 921
907 920
581 564
267 564
912 782
708 841
17 554
713 853
290 766
369 31
406 996
299 372
193 845
503 204
655 243
109 85
185 381
648 867
740 457
192 687
651 616
513 591
327 51
916 636
248 886
818 574
446 711
36 583
802 910
700 574
898 160
868 484
961 14
800 140
731 932
201 657
420 885
373 947
355 408
545 952
13 194
207 690
344 167
629 354
459 694
394 652
830 907
463 166
691 67
14 724
967 278
460 852
976 319
871 378
946 15
620 186
857 664
568 613
697 839
628 605
280 621
478 624
170 833
615 881
49 400
103 93
486 943
490 34
555 906
681 347
439 127
131 694
942 146
945 222
283 531
54 850
456 509
757 401
650 637
870 144
264 144
775 87
79 298
48 775
215 314
399 435
556 278
335 589
393 718
980 662
620 653
290 94
52 855
664 847
116 860
389 282
747 530
507 361
867 945
909 625
837 557
645 198
212 881
747 816
910 843
436 121
111 313
977 811
940 441
299 451
337 610
781 891
468 586
485 532
233 587
751 777
882 104
631 295
208 903
749 216
860 663
294 85
61 822
833 261
992 334
877 52
120 340
971 179
169 141
925 734
80 623
796 173
563 330
541 427
675 772
734 481
476 529
701 232
923 82
136 288
728 186
781 144
106 626
805 26
663 172
131 103
408 736
406 447
191 875
827 943
679 646
494 952
46 1
981 426
875 91
880 819
865 193
892 638
280 585
316 287
709 464
451 480
344 592
609 196
370 752
277 164
689 876
107 275
239 821
968 436
896 433
594 178
81 781
263 183
671 74
340 986
125 92
487 597
660 441
505 452
354 958
147 266
986 279
105 16
561 835
620 753
548 406
860 128
42 515
24 10
653 989
889 752
376 631
713 418
876 922
402 763
403 174
439 692
266 346
398 375
277 841
458 674
811 234
393 85
67 237
647 318
34 833
329 855
493 92
518 503
777 191
170 306
212 516
974 406
668 311
482 286
651 547
692 445
969 784
416 112
539 514
429 662
583 821
269 301
460 472
706 130
786 104
496 396
727 53
153 669
69 260
632 1000
317 995
491 387
482 834
784 728
514 529
558 990
447 771
11 553
356 974
641 914
126 508
533 676
145 291
629 459
315 159
614 529
685 477
433 939
749 546
573 276
408 410
596 107
818 157
698 967
14 91
149 909
975 17
335 886
548 69
987 431
770 459
3 456
775 862
746 986
12 266
419 280
737 245
471 117
578 819
427 773
449 973
140 678
34 161
920 130
867 999
599 856
102 784
841 640
238 304
850 846
209 94
651 899
391 644
397 839
825 884
664 54
4 575
186 710
828 889
613 253
233 737
532 117
436 898
517 999
411 708
583 618
960 990
488 305
569 488
129 441
424 601
868 28
315 884
541 910
137 116
949 509
997 477
75 288
497 406
5 437
706 194
100 885
337 621
19 233
863 424
556 576
632 806
982 494
126 860
911 806
790 669
807 721
645 246
633 616
351 213
43 556
961 33
1000 729
565 431
329 399
866 254
995 990
615 537
83 760
230 633
657 185
363 152
553 504
137 447
615 622
756 788
818 288
602 599
531 465
805 210
936 415
900 762
207 200
599 265
370 854
667 142
425 559
779 584
357 556
178 337
144 65
254 444
680 19
280 641
922 112
210 958
102 240
563 894
474 635
241 860
511 420
799 187
638 145
418 898
590 724
254 233
653 668
443 426
396 988
271 656
254 888
437 184
755 949
205 428
65 761
262 61
345 537
346 194
720 443
239 125
993 617
135 342
233 844
215 996
107 807
54 290
720 330
574 565
850 709
281 710
670 104
350 548
206 520
815 666
433 936
927 744
147 90
105 548
497 434
340 196
579 844
599 273
929 781
507 889
756 892
737 687
83 950
28 77
782 98
485 802
114 524
703 420
925 618
675 875
35 648
566 868
329 427
383 248
888 950
504 959
654 203
912 486
901 601
813 538
838 421
508 782
41 793
60 19
939 880
600 8
767 420
457 41
975 171
481 179
779 628
770 961
490 35
2 7
644 618
279 106
727 651
715 567
384 331
920 24
77 466
614 760
309 655
989 317
918 891
731 243
856 406
111 900
21 108
98 881
985 875
54 236
115 494
371 920
246 923
483 626
580 44
530 777
731 136
424 868
298 837
544 917
800 527
638 841
822 144
367 829
281 674
274 515
177 977
367 930
117 827
586 758
213 264
251 77
158 395
273 259
955 799
798 699
566 439
716 480
990 707
459 9
763 71
625 90
934 58
830 251
433 519
549 849
878 743
40 895
705 115
174 750
636 941
458 37
888 978
649 916
374 497
377 83
692 798
549 947
217 442
382 988
757 113
192 72
692 909
417 853
843 299
334 658
317 960
31 854
254 357
204 26
97 62
170 802
687 379
938 910
359 218
126 163
54 652
862 759
131 661
997 596
249 724
184 822
126 50
237 33
344 626
77 502
921 112
120 103
304 374
560 879
478 798
528 205
693 525
224 152
202 964
42 625
684 448
850 984
444 777
326 923
458 961
862 819
794 563
673 930
642 639
243 302
815 892
1000 147
159 532
147 180
539 886
5 190
941 246
100 124
817 604
33 45
17 608
125 927
697 6
369 85
578 259
80 159
855 962
15 139
679 144
112 401
518 278
100 801
327 109
290 777
184 380
245 795
462 49
655 456
986 945
36 664
754 437
347 841
501 180
476 502
972 467
593 898
577 5
943 50
13 9
605 431
307 276
861 965
773 543
245 32
136 684
637 894
598 492
765 753
400 97
116 307
776 412
136 571
999 200
892 888
415 427
900 549
461 729
945 148
164 606
323 520
876 420
184 918
277 199
23 935
84 695
89 115
665 166
421 888
291 747
244 445
7 499
870 89
270 803
883 286
884 77
720 673
996 519
742 103
854 941
501 315
755 984
648 168
99 924
11 210
732 440
825 778
292 713
629 544
104 949
622 411
551 933
55 570
996 244
834 763
318 472
526 733
11 432
806 637
897 439
630 785
646 10
439 67
412 180
432 730
531 822
553 914
977 882
209 392
872 88
123 78
52 66
768 307
424 745
817 858
810 354
640 690
352 795
319 549
164 279
625 98
751 550
494 565
340 188
503 441
622 817
93 445
535 714
520 97
246 69
672 428
434 115
678 214
537 994
458 125
421 375
633 841
174 913
568 732
911 628
976 900
849 993
601 92
467 118
984 396
322 783
705 502
745 673
282 417
653 110
323 599
909 196
676 209
75 619
610 333
439 21
150 232
980 303
310 482
190 423
248 101
804 204
292 952
738 600
331 914
936 224
470 599
841 833
515 384
24 794
979 719
931 336
717 383
20 913
68 997
787 573
437 40
521 573
850 819
264 722
944 180
798 19
950 382
94 780
973 55
632 391
336 68
318 500
893 352
848 431
43 79
113 903
647 728
429 188
981 894
895 728
736 637
543 936
200 832
420 913
402 132
811 352
407 373
504 738
807 756
351 588
65 503
302 260
92 936
19 482
960 324
433 452
895 796
58 987
495 642
973 814
501 29
640 773
992 964
454 561
895 114
914 559
398 676
516 271
224 301
207 92
944 566
482 621
389 79
230 471
656 250
841 178
992 802
535 146
577 664
135 864
136 834
452 996
962 825
465 375
85 966
470 512
918 115
419 322
774 456
421 816
357 178
761 864
894 107
381 44
309 319
127 536
479 739
712 459
391 809
332 967
794 732
318 694
854 580
342 296
767 729
722 515
240 508
286 505
119 446
864 646
676 623
237 847
630 553
494 198
115 271
996 140
466 671
237 224
817 640
574 816
890 621
89 138
587 647
330 676
593 362
167 475
631 214
526 806
195 530
271 329
809 786
386 741
385 990
925 732
674 604
970 487
143 643
578 450
293 18
593 532
207 508
333 785
212 422
677 252
553 422
121 387
154 283
49 583
623 769
573 44
720 768
297 369
67 871
876 629
179 994
426 925
135 385
67 901
469 254
89 913
516 626
519 589
595 411
686 70
174 282
603 996
139 38
569 820
148 716
895 372
571 130
385 1
534 392
363 854
33 631
73 278
127 687
211 640
413 836
604 121
72 90
625 946
555 551
737 344
298 516
929 645
462 307
245 929
447 421
489 375
362 655
811 974
435 76
257 909
603 416
195 248
440 316
244 257
774 97
320 786
854 723
233 779
877 722
38 940
845 52
204 444
636 885
564 428
90 55
848 119
482 49
798 773
801 39
388 105
997 427
946 687
298 755
692 447
195 609
609 209
477 535
612 246
575 450
695 983
468 846
910 413
456 782
53 500
573 762
299 604
251 295
515 700
921 757
5 642
635 413
139 656
247 979
383 869
485 970
296 149
353 165
126 403
793 604
889 395
736 530
37 275
297 510
170 884
45 776
597 811
897 703
343 627
956 158
232 672
657 287
487 260
399 678
241 950
719 105
791 793
746 841
480 429
799 86
177 451
766 31
803 19
549 81
59 995
335 918
690 643
758 20
859 792
419 491
997 954
889 545
582 524
956 949
676 628
522 299
209 92
941 675
855 445
712 181
877 549
651 719
955 523
573 952
338 790
835 49
826 276
540 522
906 172
915 827
329 881
610 706
916 261
384 670
665 515
635 893
708 999
30 655
90 442
700 823
556 959
939 317
281 955
928 202
913 410
258 826
368 391
593 690
691 733
854 187
415 933
491 323
646 551
990 811
494 570
544 9
674 644
715 112
627 924
5 742
65 411
142 872
127 205
607 183
184 631
563 53
984 30
236 315
933 491
148 821
719 446
746 632
49 280
351 237
729 334
416 167
115 555
169 184
339 51
552 64
195 283
974 923
222 924
637 611
196 383
550 590
438 212
760 146
634 695
466 229
563 753
200 611
586 818
552 382
664 600
292 953
115 246
230 229
470 596
72 3
733 210
957 810
664 994
950 93
609 349
646 826
629 914
189 805
655 568
822 27
2 272
129 878
668 693
851 633
12 669
968 827
931 433
881 718
168 931
9 353
446 142
618 679
780 666
808 959
81 279
464 409
105 409
492 463
815 533
802 423
530 487
605 929
117 583
561 751
673 405
948 25
324 851
91 632
158 308
540 931
415 921
147 683
518 622
904 46
189 60
374 120
378 119
86 428
807 580
679 188
942 725
14 159
253 730
853 222
19 594
187 692
316 16
154 439
778 813
801 644
927 77
278 92
995 730
414 400
175 460
500 813
552 173
32 677
534 958
64 374
943 952
576 573
128 979
609 46
793 935
941 39
245 682
804 225
953 553
148 269
427 807
727 491
619 290
309 318
594 92
831 409
427 847
428 156
901 619
3 800
632 198
688 104
157 235
307 642
417 70
259 807
831 383
281 567
671 262
842 550
841 559
897 333
76 332
556 966
224 551
890 648
137 464
51 566
983 385
461 765
705 565
479 166
81 371
133 601
19 69
864 742
579 157
302 724
428 887
583 701
530 459
791 528
998 800
53 415
683 99
147 854
497 301
740 383
173 682
673 290
680 65
179 41
769 887
860 134
501 222
84 362
639 472
285 685
948 275
348 551
882 555
499 949
500 410
908 897
168 84
847 700
973 977
709 699
931 753
827 928
358 804
387 259
999 143
282 119
344 932
201 125
364 479
75 532
903 412
634 269
486 78
178 279
20 534
629 22
97 429
940 679
944 820
392 917
505 576
289 932
681 709
696 484
757 370
291 904
488 909
896 436
716 781
976 610
13 53
120 216
563 598
617 53
630 477
288 540
219 156
11 721
508 69
944 31
907 101
395 329
772 813
223 717
629 586
559 883
267 915
694 30
107 848
185 254
722 303
266 345
234 597
4 725
371 660
318 397
525 865
821 58
364 699
302 967
590 377
595 677
854 434
416 4
678 748
237 84
42 66
902 996
686 959
764 427
566 401
180 212
865 836
95 987
61 855
749 292
445 248
344 469
613 44
147 882
190 247
230 961
526 178
839 89
713 503
589 898
759 134
339 843
468 45
977 219
550 103
365 611
826 919
555 784
155 173
13 7
494 164
974 738
979 264
508 816
714 231
272 30
435 506
764 584
5 820
432 720
282 75
65 900
33 839
231 92
253 996
686 378
680 58
636 196
384 390
22 373
439 160
547 315
489 167
641 290
314 954
6 924
188 599
873 329
799 81
453 405
519 299
673 610
803 483
555 514
917 119
573 725
500 711
717 472
664 138
997 612
410 794
964 197
15 309
769 465
54 325
20 898
759 512
975 967
464 47
873 133
489 652
493 172
20 332
635 911
82 517
358 862
610 707
594 865
773 155
702 307
540 698
642 85
817 719
86 52
124 255
307 777
787 19
790 950
76 122
403 282
43 771
906 399
30 543
658 348
217 52
237 457
791 600
905 205
199 157
639 690
913 298
191 160
518 643
216 337
445 397
999 554
620 285
218 569
44 865
852 824
250 150
587 61
477 909
705 170
465 845
743 438
669 527
677 4
571 513
843 356
724 488
554 977
832 211
136 586
47 380
865 157
32 666
201 53
628 756
716 774
300 831
746 795
138 736
987 543
239 442
535 249
267 31
784 131
861 491
756 199
794 292
262 278
390 475
672 840
853 796
71 974
681 942
228 911
7 17
837 275
626 550
592 602
591 292
243 202
226 906
716 571
516 911
958 968
447 77
567 332
788 15
556 995
3 659
560 486
66 371
266 273
363 799
859 178
588 460
915 132
220 968
367 907
531 852
881 303
762 538
744 97
454 916
57 846
919 570
246 362
228 847
450 871
779 73
401 169
644 243
807 865
597 317
653 635
925 758
861 760
865 765
647 777
982 376
895 859
537 851
587 26
481 357
832 366
912 473
515 772
18 852
528 649
295 933
187 292
465 570
249 995
70 147
110 924
71 622
112 357
113 732
738 169
890 979
409 147
248 165
818 209
913 739
897 742
1 297
898 89
257 839
622 591
887 889
84 890
413 604
153 808
89 804
978 410
7 420
266 878
675 390
107 696
20 849
794 312
408 243
376 590
159 142
326 757
789 3
148 253
132 794
382 619
760 909
360 379
768 770
58 238
349 957
512 263
588 733
399 349
556 48
629 742
301 587
33 405
731 58
510 707
983 384
591 719
260 299
963 876
503 63
437 349
705 677
99 402
227 169
648 319
726 221
32 457
414 679
623 335
601 869
95 671
147 857
226 994
411 92
736 955
552 318
208 552
501 221
784 609
344 24
36 758
847 481
743 617
563 255
377 80
491 40
830 939
687 38
28 481
490 352
553 70
5 991
390 615
583 593
703 6
914 529
168 371
652 157
391 331
799 350
365 962
956 363
746 851
943 607
24 705
79 357
211 277
452 105
935 620
404 148
387 990
642 856
291 314
784 19
629 984
638 910
448 530
306 869
789 904
629 585
453 663
956 340
263 337
72 314
310 788
982 533
320 788
252 35
932 791
376 86
622 220
238 229
789 731
445 789
582 994
55 870
919 525
795 515
894 803
143 451
777 413
504 685
670 464
442 987
566 513
66 142
668 209
134 669
653 643
60 257
80 591
407 44
523 847
446 530
986 847
398 977
791 906
526 461
743 482
690 234
230 691
430 81
322 806
641 918
783 599
865 368
525 60
892 891
415 404
935 861
683 278
421 515
814 42
266 964
598 717
875 968
54 879
403 835
903 272
172 286
870 205
791 507
176 985
163 140
17 762
875 857
73 423
227 388
512 562
486 341
713 151
567 212
492 914
590 879
428 3
153 360
941 511
745 262
452 220
436 761
328 962
104 809
279 738
349 997
744 473
418 318
225 808
933 738
811 578
937 743
904 504
426 100
9 212
104 86
639 974
765 287
603 172
159 666
271 124
123 289
811 91
961 362
320 542
392 187
516 799
124 248
421 503
20 419
39 321
422 75
708 624
406 373
369 848
445 27
429 758
726 116
624 714
611 468
62 284
160 260
217 213
421 483
390 882
84 163
948 468
329 284
292 400
539 177
353 134
227 701
133 739
786 362
588 674
410 118
709 370
253 534
549 217
842 85
92 660
719 297
480 254
763 573
379 992
287 189
549 170
898 114
704 141
559 257
158 682
50 787
288 868
111 654
810 809
360 137
893 840
380 637
253 233
680 309
920 452
444 196
997 762
615 191
693 721
505 1000
715 877
864 33
860 656
150 440
465 42
746 77
985 787
529 737
822 110
863 790
257 294
404 51
977 407
81 218
870 346
727 295
802 218
17 882
981 592
464 125
730 872
33 392
768 69
315 950
579 389
851 744
432 618
234 682
551 219
281 891
764 14
677 641
569 8
755 501
2 199
216 443
714 646
113 21
921 992
924 237
302 553
454 804
661 329
579 961
928 71
715 129
353 448
563 373
675 879
89 510
535 747
389 697
1000 584
141 8
415 697
678 241
679 520
331 486
903 660
706 742
598 440
800 367
326 788
161 827
454 480
213 90
407 662
201 71
532 909
810 747
225 89
80 964
102 257
767 49
624 257
211 395
861 93
422 779
636 505
836 781
324 57
163 253
31 225
734 873
816 209
176 112
249 542
323 995
34 370
769 205
418 21
185 774
280 46
542 970
229 501
674 322
751 792
828 991
225 630
871 539
985 920
52 449
825 839
94 860
591 424
152 407
940 144
456 887
741 972
115 272
775 358
747 823
731 426
346 964
648 550
613 898
808 706
32 454
494 295
527 487
344 332
735 256
863 351
848 172
811 304
142 50
700 909
312 950
956 615
329 506
38 466
919 319
667 270
939 549
354 31
908 899
469 197
801 565
454 445
684 858
867 340
761 313
524 755
732 590
879 777
573 154
173 364
504 189
891 571
258 490
991 524
79 70
905 849
637 952
549 354
456 399
776 793
390 646
338 79
361 502
477 693
328 201
382 412
793 897
297 613
45 84
85 999
943 719
401 1000
56 352
537 388
684 301
444 662
174 507
72 93
625 951
860 157
12 496
385 337
924 738
372 551
105 164
582 694
416 457
604 154
590 93
648 740
702 571
793 509
464 69
816 938
800 559
29 947
886 679
963 954
347 893
696 863
971 487
517 799
973 333
21 576
6 284
501 636
582 995
821 169
91 900
834 36
859 411
965 749
113 221
708 456
351 111
967 457
373 675
320 465
527 104
285 621
70 653
951 780
623 467
572 504
421 125
958 428
799 872
348 498
506 119
144 829
808 437
327 135
644 91
882 762
304 761
929 555
754 512
916 791
837 695
540 139
235 165
227 640
744 630
856 80
253 640
696 505
865 262
244 965
64 99
526 381
766 582
698 750
473 689
438 941
853 670
412 980
509 344
880 852
439 639
943 909
267 356
657 284
305 718
36 175
594 881
477 363
23 931
124 992
567 166
949 851
970 700
888 29
28 906
201 458
315 616
704 511
149 565
56 606
807 469
185 830
119 605
135 472
506 898
152 497
950 487
699 805
722 382
547 889
54 347
493 281
994 798
980 907
289 202
199 459
897 409
796 953
894 753
312 4
954 703
60 738
820 164
587 755
419 953
523 575
997 460
981 983
468 766
859 487
240 373
905 243
390 488
515 524
626 313
595 564
613 525
47 171
13 839
956 889
653 86
436 115
434 111
705 168
526 430
623 826
865 290
79 792
322 779
801 30
864 531
969 420
24 540
758 881
409 38
804 121
50 163
651 486
762 495
304 139
419 977
305 166
215 447
153 474
402 389
391 944
879 261
664 970
884 173
522 488
262 167
500 694
410 602
512 654
717 379
112 918
522 379
923 1000
33 286
806 691
50 793
24 71
543 336
824 494
915 793
617 217
731 65
143 247
309 155
494 153
557 453
228 461
13 679
68 534
136 877
19 42
493 31
954 595
78 587
744 99
929 919
492 345
612 58
762 651
472 795
660 656
259 760
576 731
153 687
498 680
373 780
299 921
877 364
329 430
4 922
117 279
598 334
417 979
515 270
423 592
277 583
518 911
65 277
659 785
305 774
714 170
198 75
680 982
219 454
277 424
500 167
796 916
362 320
71 616
588 598
613 274
26 27
615 879
948 209
19 930
645 826
980 514
932 426
318 969
883 274
504 495
138 290
879 764
158 929
125 434
362 772
271 578
971 119
503 504
977 353
621 818
585 356
15 585
57 323
384 29
133 766
116 858
814 543
267 872
472 710
768 947
631 1
811 887
152 408
360 27
587 972
823 708
4 764
958 885
281 677
30 296
397 539
109 273
590 352
939 97
939 88
140 584
892 88
267 679
214 273
588 321
860 766
934 349
60 682
332 391
518 566
134 405
156 245
484 730
530 454
476 858
908 719
981 911
341 32
653 789
9 862
467 502
692 197
236 201
572 398
33 354
523 805
709 902
178 206
415 527
299 963
903 874
115 503
832 355
554 772
314 609
639 411
60 93
524 748
102 448
487 62
844 637
370 776
887 569
283 727
196 668
838 103
951 284
610 414
460 965
120 910
177 249
362 55
325 449
220 185
662 64
181 224
379 792
903 191
488 941
345 777
572 804
902 381
794 282
101 332
799 15
261 344
940 87
387 849
390 48
393 748
733 904
312 412
771 759
522 307
154 671
983 64
217 609
125 184
664 32
177 633
996 221
299 7
214 374
771 365
751 85
205 265
891 350
512 3
26 987
613 933
261 80
674 811
115 619
402 38
611 814
333 638
686 962
657 548
489 832
218 270
492 161
747 853
891 45
160 395
329 516
23 280
338 714
925 700
305 531
13 802
566 694
293 987
887 334
725 31
365 864
714 768
610 209
649 955
804 273
217 409
424 221
157 731
139 626
909 74
359 23
259 968
644 777
244 885
672 722
323 638
140 24
583 260
219 561
363 231
26 83
944 754
547 431
116 478
799 205
396 720
658 767
879 627
681 550
153 509
510 924
305 266
15 995
487 742
483 205
993 869
81 867
79 488
979 822
655 691
327 994
578 327
367 45
205 386
153 287
229 12
949 771
860 354
555 404
37 949
205 19
152 417
364 367
285 411
439 207
641 227
626 995
698 500
593 234
376 686
217 750
34 780
272 921
705 577
759 690
928 152
123 212
674 220
436 186
754 14
458 595
351 428
998 653
322 162
30 755
273 878
995 153
189 306
781 526
748 583
674 958
380 451
454 830
575 482
62 179
288 220
16 817
311 752
774 557
540 970
643 706
31 721
571 804
615 535
365 580
338 464
69 320
714 183
805 220
538 505
60 5
795 474
317 914
889 20
72 988
54 734
36 125
115 988
810 644
427 552
338 133
901 934
917 325
939 12
847 158
727 594
638 155
859 602
73 321
718 275
314 93
22 282
486 375
949 581
606 580
617 813
559 982
229 479
360 258
175 985
197 625
608 56
493 474
789 93
457 732
955 333
257 341
21 308
232 81
632 69
252 246
533 457
717 92
609 563
684 171
945 593
985 604
288 314
143 246
953 62
833 528
677 655
787 451
790 998
899 778
924 888
883 145
973 485
561 739
48 954
235 760
911 915
113 228
331 45
706 83
377 351
531 164
364 51
627 975
479 258
585 659
795 152
639 433
292 839
369 557
386 305
675 591
931 729
363 11
22 250
26 233
64 428
851 441
515 39
878 777
214 540
794 242
749 998
117 217
689 1000
248 168
780 385
49 393
477 525
431 905
40 340
168 297
41 573
790 389
157 675
429 446
89 809
606 774
864 481
572 914
723 38
983 1000
395 67
380 643
126 107
110 620
664 952
370 425
791 481
387 999
84 603
68 32
729 874
470 628
491 683
935 730
239 185
758 751
107 987
239 46
594 491
559 859
566 234
929 374
480 550
707 169
525 1000
91 156
964 271
80 858
242 32
519 206
299 427
941 632
930 267
698 713
9 18
178 651
379 118
678 708
368 741
116 611
372 661
949 216
130 985
88 851
92 875
329 623
645 167
58 533
43 733
763 202
237 287
476 633
152 883
796 164
595 358
925 584
235 770
390 824
709 534
141 42
217 444
992 630
494 976
795 21
601 294
250 316
272 976
956 626
942 471
891 573
35 281
562 682
25 275
207 63
763 743
555 830
7 372
615 995
512 954
920 399
684 664
300 145
817 57
770 401
738 541
760 61
178 272
11 95
275 674
572 660
423 298
48 472
132 648
65 699
376 548
105 170
124 386
34 118
417 102
573 377
78 375
742 814
752 810
554 266
613 83
911 132
324 610
952 459
897 478
517 797
918 657
906 260
485 561
638 585
215 648
492 275
479 15
384 550
574 977
462 867
29 324
659 53
329 698
872 233
208 745
726 111
284 182
602 425
325 590
364 996
752 325
365 462
50 294
378 939
568 343
161 903
433 646
771 346
134 946
377 113
912 292
325 241
566 977
576 849
481 19
724 457
847 218
376 311
732 556
533 685
538 277
560 709
904 599
267 265
607 397
407 749
140 1000
822 756
498 592
956 266
118 613
657 250
569 859
167 706
435 781
220 13
936 998
521 984
454 511
854 820
270 805
917 2
700 534
831 588
483 722
889 955
693 619
965 502
159 323
720 583
537 23
204 869
8 963
484 552
381 320
103 428
736 39
612 716
99 531
794 529
392 497
986 313
586 735
823 670
256 128
39 143
224 628
632 369
356 17
928 626
161 5
933 751
823 527
129 551
350 563
8 688
869 477
545 511
323 505
696 893
889 612
91 885
926 419
512 159
274 62
826 627
739 782
596 653
83 818
820 85
566 625
90 310
610 545
811 378
428 970
808 372
716 181
847 941
353 441
227 448
742 230
986 927
428 346
190 679
933 5
681 52
260 945
524 550
100 688
467 143
89 641
843 280
666 307
758 85
211 961
156 529
529 9
953 965
830 974
221 53
433 497
291 586
969 83
101 44
331 682
667 820
462 176
214 785
362 12
415 26
644 524
153 47
926 658
28 889
233 249
110 593
187 216
577 976
318 930
45 154
67 382
736 127
42 928
261 578
334 136
735 823
319 348
160 699
802 870
729 958
422 607
544 785
599 885
910 960
586 608
642 910
935 279
184 743
157 179
124 458
272 887
954 895
518 148
96 619
561 951
177 942
588 766
509 625
864 608
151 714
906 333
929 36
215 707
60 640
367 516
73 206
173 927
484 800
329 737
492 347
264 20
618 981
86 199
126 784
507 894
937 371
619 657
308 756
825 454
277 867
498 678
544 551
754 776
606 312
787 894
718 918
735 92
524 635
942 734
139 735
39 938
244 904
407 966
766 525
538 474
847 340
792 966
957 276
761 147
310 9
439 454
353 897
481 180
376 478
140 33
331 854
556 822
559 294
482 726
234 23
823 237
724 854
104 567
65 885
220 873
949 567
248 211
20 861
17 43
428 10
376 811
850 346
487 553
382 321
381 151
347 107
344 550
835 348
907 461
659 604
716 603
305 87
522 236
315 614
323 147
472 631
593 49
115 277
447 242
195 365
113 980
169 586
30 707
613 911
760 589
209 441
75 685
508 599
63 343
365 54
939 235
817 779
514 961
991 151
259 742
863 337
752 459
400 432
471 959
772 406
60 394
151 829
330 896
675 780
65 188
674 713
612 874
622 755
537 819
113 481
22 933
227 361
448 74
770 426
398 616
41 237
403 786
832 224
904 813
838 458
624 66
418 513
754 765
683 801
499 726
631 641
643 89
205 600
480 185
88 430
269 679
202 666
594 904
900 991
352 186
89 772
346 616
571 152
789 321
409 909
665 124
11 94
379 632
729 837
805 696
184 606
58 31
633 417
585 262
767 618
3 153
664 179
292 732
149 309
300 327
964 238
471 430
519 156
590 943
483 484
871 649
21 732
481 795
722 443
464 471
138 792
17 601
15 498
260 866
953 117
922 493
134 484
7 622
159 819
697 120
456 936
651 603
421 233
920 520
354 220
729 925
66 200
677 440
364 997
237 369
916 572
611 444
303 122
951 958
697 715
789 123
118 15
579 555
781 347
621 156
934 827
493 553
166 401
947 188
273 349
404 641
683 662
377 225
807 523
396 29
970 118
241 115
165 808
439 409
443 986
980 163
179 964
805 792
443 75
984 725
88 394
876 419
696 795
352 15
211 324
709 77
516 194
573 526
667 585
696 879
362 971
551 751
167 904
629 791
498 315
617 823
907 55
570 487
310 170
6 179
246 899
998 327
215 107
876 871
436 884
418 203
789 936
591 508
738 768
261 271
65 646
559 786
449 743
822 160
972 757
76 258
792 115
242 22
793 478
651 776
376 688
470 14
74 815
94 682
169 625
96 575
298 919
314 402
800 701
838 805
881 262
857 687
523 419
306 159
682 192
262 308
192 604
501 462
545 216
857 350
881 96
937 278
886 979
472 518
551 375
866 263
575 381
136 386
230 998
820 372
434 155
148 989
274 368
38 281
919 352
939 622
123 643
415 705
790 503
994 18
9 630
601 492
602 607
452 602
397 199
97 157
994 133
443 905
943 844
782 714
287 296
349 127
442 323
242 173
316 360
282 424
653 103
603 772
840 626
692 755
586 90
714 407
867 524
291 186
664 640
280 649
841 104
720 887
119 879
227 893
727 620
880 876
201 282
699 503
963 426
638 232
146 880
589 476
36 428
699 100
348 334
846 501
793 239
833 938
443 418
608 684
279 792
836 203
608 58
882 441
521 725
719 798
671 155
414 240
384 931
648 720
811 780
738 804
542 140
750 371
509 671
719 572
815 829
670 80
971 467
347 349
186 597
354 563
389 80
18 144
302 851
708 946
967 935
556 766
869 321
7 694
549 579
899 556
192 696
742 672
619 451
215 544
56 407
882 863
778 610
895 551
256 856
991 80
939 573
482 32
395 731
240 114
355 387
930 907
628 896
97 840
80 666
444 219
140 252
268 393
786 330
536 924
676 365
993 487
22 107
541 837
780 387
448 956
987 705
413 599
422 783
922 207
411 112
484 476
626 437
28 862
803 64
129 49
148 267
149 62
956 418
480 363
210 188
837 353
984 939
219 182
182 62
419 472
2 720
168 728
334 229
73 735
379 460
891 695
641 15
552 638
84 762
833 807
261 310
501 977
617 920
52 461
668 663
926 75
286 938
125 770
787 259
882 191
313 136
167 29
989 436
389 35
963 962
836 348
416 143
300 482
181 897
217 207
369 417
316 680
333 710
336 182
962 150
485 539
986 16
276 602
151 606
445 893
281 964
53 360
545 128
235 742
825 997
885 558
333 953
263 978
531 194
255 376
535 666
673 982
565 495
89 478
571 878
661 956
979 389
912 314
92 570
917 967
849 913
577 418
634 53
875 197
399 352
680 949
273 257
899 85
336 891
443 945
995 764
240 951
785 366
382 166
314 846
645 650
995 589
745 610
83 7
102 289
379 940
692 683
624 289
705 211
519 586
794 71
79 243
358 14
486 211
756 149
59 111
22 337
499 100
262 320
210 17
447 716
340 114
935 619
936 923
774 431
833 993
172 85
618 37
966 218
853 826
732 61
91 431
474 349
680 384
278 553
135 496
319 151
897 129
789 915
997 16
915 997
608 337
920 77
3 915
4 457
222 307
825 976
565 871
772 585
522 16
885 796
190 226
156 310
88 612
195 328
53 170
15 378
704 962
119 185
391 525
436 213
961 306
707 71
74 637
193 89
722 450
644 176
204 895
26 619
407 186
504 545
144 914
994 908
313 721
8 161
942 676
174 786
74 858
934 588
886 1
856 84
675 952
72 707
252 817
736 698
37 139
835 196
41 200
313 947
286 746
822 936
831 169
723 789
995 536
639 169
72 929
66 500
477 246
278 905
559 360
301 40
831 995
286 388
574 973
478 704
337 476
120 28
504 443
241 824
279 646
328 194
642 134
55 154
703 563
443 409
635 883
506 799
287 125
884 196
902 495
272 766
755 81
258 929
851 610
871 607
530 841
40 310
417 614
362 637
626 798
309 18
938 418
665 746
955 825
377 772
612 906
176 335
919 846
243 387
972 42
569 503
934 265
275 124
459 235
721 220
810 803
190 105
599 151
527 426
855 777
217 909
971 276
476 878
1000 232
833 299
928 193
948 12
352 787
4 100
575 495
450 652
144 623
52 872
88 669
739 238
654 720
778 990
235 831
420 859
496 417
297 144
209 844
428 785
342 608
255 385
649 980
895 241
199 702
738 461
575 931
10 829
430 118
779 579
378 542
966 503
310 836
188 787
379 852
309 513
917 322
59 38
794 447
978 432
124 512
951 103
915 705
780 845
283 815
200 95
81 844
104 763
530 907
413 773
627 201
789 90
544 787
889 710
963 203
512 305
821 297
695 256
309 453
627 118
650 387
543 348
157 177
837 575
821 346
979 710
567 330
823 764
738 916
595 517
816 886
47 678
854 274
551 214
898 836
9 251
321 313
2 688
432 766
507 18
977 854
490 803
808 708
296 504
829 690
243 902
320 494
588 63
304 734
341 505
630 305
151 136
298 460
268 676
715 21
44 835
559 236
190 504
843 169
112 189
32 834
297 285
407 960
601 463
342 767
291 891
75 912
810 581
539 222
653 57
529 762
843 407
40 456
922 42
830 659
657 335
474 949
849 743
166 779
779 764
159 86
70 439
289 737
296 624
944 268
766 463
73 354
129 48
187 709
265 988
214 541
180 613
492 983
789 13
337 198
157 371
976 394
841 758
971 771
741 405
246 797
483 637
10 119
817 333
11 274
4 617
604 802
237 839
897 326
817 559
933 432
399 121
241 157
226 555
284 399
54 51
609 830
425 359
835 300
674 882
87 427
184 250
683 224
292 85
777 107
912 654
877 42
502 17
382 747
8 134
541 484
448 477
840 975
711 52
258 62
662 536
184 583
666 599
957 84
914 361
933 475
205 884
987 782
288 596
348 860
415 446
519 268
286 592
84 416
461 556
603 190
123 793
788 939
435 645
96 647
561 343
905 933
326 553
419 113
771 844
975 436
617 712
500 980
334 559
414 412
73 286
148 296
594 168
478 775
914 686
417 281
471 74
663 65
534 364
972 998
603 267
15 681
592 536
636 62
522 319
501 948
938 272
357 432
15 734
129 943
792 25
612 698
663 814
208 160
851 566
413 495
161 126
750 296
18 417
327 681
815 756
872 470
86 944
808 894
860 559
256 453
954 676
811 117
351 436
996 63
561 590
817 676
240 748
158 492
397 652
308 25
155 358
686 966
530 294
496 216
994 699
82 124
299 654
36 562
950 890
130 555
517 77
259 341
558 667
231 477
178 799
394 800
89 392
127 320
352 598
970 146
992 678
735 918
576 805
848 570
835 439
743 395
134 945
853 327
468 155
931 517
344 873
416 566
467 351
420 618
210 686
232 906
835 981
892 770
931 658
969 299
897 518
704 708
206 386
822 600
20 578
457 232
836 940
693 805
840 423
201 147
396 716
969 150
950 889
920 494
296 584
701 317
309 718
955 180
828 702
996 520
64 595
301 858
418 86
148 179
405 844
418 201
774 374
578 555
1 984
926 113
472 642
385 545
741 62
523 199
119 382
432 580
346 22
826 284
898 865
440 514
777 880
135 152
274 170
578 254
384 844
706 169
472 847
513 659
647 636
651 633
655 17
700 375
221 989
223 115
631 150
562 955
688 706
191 529
807 94
695 897
934 123
853 467
924 421
122 245
912 613
106 712
517 306
187 563
403 622
545 937
434 104
916 816
477 902
944 805
850 9
174 926
303 894
1 548
991 685
995 678
210 658
176 526
304 467
726 586
585 934
469 389
54 547
644 745
331 734
278 59
463 501
526 497
267 310
231 121
783 806
681 356
993 74
331 687
334 322
172 361
887 914
108 782
876 385
625 647
153 44
629 525
965 181
567 129
608 990
628 401
738 593
650 735
353 693
999 346
707 207
880 674
516 848
663 515
84 460
270 695
860 211
440 670
248 483
17 884
396 933
441 52
940 170
154 723
732 260
609 567
519 230
498 142
741 82
959 495
928 401
727 3
964 439
473 372
555 146
846 951
902 133
426 66
892 49
431 292
568 214
151 933
375 395
32 19
269 282
346 703
505 322
956 564
994 355
292 91
544 446
48 781
622 875
805 265
330 875
991 82
960 302
562 558
725 98
88 921
183 538
165 59
117 274
282 889
446 556
454 75
239 803
738 94
334 525
211 194
140 254
71 470
112 269
792 969
581 389
107 2
790 243
541 835
291 312
666 52
335 131
799 240
432 482
742 539
518 466
918 134
432 113
766 460
823 31
435 838
457 898
885 450
500 864
484 429
949 933
401 919
239 197
519 407
987 708
565 629
802 137
500 518
980 776
929 266
930 37
569 739
55 708
131 662
137 335
587 963
271 924
994 963
793 404
632 428
449 350
124 88
548 682
952 307
492 404
864 527
208 995
467 814
425 178
17 515
790 902
916 709
590 404
192 535
936 802
962 7
377 541
229 516
19 186
863 325
518 288
377 654
506 490
199 61
612 170
905 270
672 15
91 717
593 346
758 327
498 713
418 883
857 950
108 8
863 136
494 869
692 992
141 38
605 577
531 418
625 259
572 270
114 776
226 334
154 403
28 504
583 142
658 867
295 683
786 227
737 939
614 499
935 775
956 354
154 804
961 732
525 499
783 232
785 398
552 431
555 880
257 213
519 365
41 686
983 904
380 675
401 994
54 932
699 49
438 7
8 860
489 493
54 87
684 265
278 559
73 639
368 889
898 632
561 786
774 94
703 844
746 417
360 124
968 891
327 680
823 551
845 43
917 353
955 599
17 606
660 896
670 865
809 603
147 924
761 818
812 602
91 523
131 496
593 333
591 974
959 874
636 229
48 838
442 886
683 860
602 292
972 374
351 779
377 388
217 371
753 865
645 441
407 922
247 603
140 311
408 711
452 752
469 574
453 89
383 408
476 238
278 28
999 194
68 416
783 717
366 709
417 78
29 771
631 535
874 376
213 763
840 424
474 618
761 382
64 672
771 405
791 327
461 672
887 830
672 949
392 503
875 862
30 186
841 962
73 424
680 320
37 717
633 352
495 509
335 1000
12 317
660 497
40 142
229 422
871 891
285 372
663 190
128 177
789 68
578 953
177 676
395 365
215 100
876 866
755 83
936 663
955 405
926 118
988 731
574 516
742 974
212 845
910 522
656 933
986 436
733 649
371 717
912 922
215 827
243 562
24 199
781 696
194 114
584 726
747 898
57 980
829 684
460 273
580 22
924 128
844 625
363 486
187 852
95 39
721 508
117 539
356 593
229 685
269 326
401 86
94 229
313 642
373 818
283 86
286 923
731 596
348 624
62 406
778 943
529 483
515 784
862 121
610 142
293 162
460 725
64 214
669 191
340 387
912 260
734 55
537 921
352 337
829 193
642 292
881 423
334 720
5 784
135 993
727 779
323 577
692 766
92 258
800 727
791 250
832 969
638 269
35 162
220 126
628 355
300 198
106 117
698 849
183 155
846 329
836 167
374 866
582 327
548 243
327 812
861 276
650 687
500 700
618 123
160 703
968 70
396 983
552 645
37 963
828 562
686 464
821 311
422 674
595 918
688 212
413 37
975 931
228 100
998 576
341 835
531 751
159 726
903 290
501 653
933 528
57 229
555 34
635 784
527 392
476 844
189 337
985 498
89 37
716 70
242 353
265 690
549 674
146 247
905 354
161 978
736 774
678 153
211 380
800 247
16 294
126 577
821 687
354 192
663 156
203 115
342 765
753 698
168 240
98 337
575 961
433 220
839 972
533 737
870 930
827 70
602 848
240 561
828 402
6 562
50 814
713 118
201 170
681 720
520 722
102 26
966 755
168 588
831 605
625 908
129 167
98 772
979 757
290 82
874 810
10 117
393 843
491 685
974 299
190 378
891 475
551 871
73 956
72 74
55 628
702 401
404 108
570 457
635 990
267 588
231 438
843 557
971 496
698 280
807 78
259 972
558 325
696 825
473 448
950 626
665 962
691 638
415 838
307 841
810 80
264 52
504 665
942 675
963 626
584 637
143 356
146 72
293 439
331 204
593 753
1 882
428 910
344 113
536 623
740 759
388 300
84 371
909 382
307 404
340 261
381 177
65 346
722 178
141 37
710 288
145 418
202 85
404 745
648 327
153 943
939 824
305 804
692 912
296 929
903 518
616 746
230 286
144 117
553 223
554 544
529 870
197 240
456 438
405 483
230 120
34 463
918 342
825 537
355 507
171 763
63 953
15 570
621 630
880 747
667 655
742 193
870 394
674 353
548 410
290 118
958 569
480 616
264 517
627 48
789 769
691 783
472 632
128 355
494 232
959 38
212 921
877 857
180 447
955 711
162 233
299 283
601 943
711 470
12 956
53 726
645 117
21 811
134 762
735 846
197 405
346 628
511 786
787 333
571 392
376 744
112 25
187 553
630 383
740 747
423 681
852 813
579 559
84 151
636 964
675 812
308 607
292 356
184 613
882 580
614 803
635 260
326 79
23 101
377 229
965 812
538 348
398 763
629 479
22 167
84 996
417 767
311 223
315 24
880 986
372 78
340 556
328 236
112 643
250 522
284 879
346 464
99 824
870 39
504 71
747 424
305 413
492 793
917 126
719 774
703 653
137 676
155 814
547 913
286 71
769 447
719 695
63 179
745 860
51 859
323 222
911 449
197 697
163 617
579 401
137 390
565 846
859 161
271 983
744 255
262 766
601 538
582 252
954 338
962 972
355 943
677 614
420 529
256 594
709 65
659 84
843 979
809 711
701 465
138 749
985 6
597 566
312 728
577 220
207 521
653 735
178 769
736 891
865 601
630 347
408 774
481 336
796 233
688 802
302 358
196 941
838 372
986 523
64 215
247 574
715 328
37 172
993 366
187 275
259 254
960 17
268 112
72 625
533 716
680 112
37 317
809 300
244 855
886 258
607 476
745 799
987 761
70 319
112 449
888 354
392 967
46 436
512 968
107 326
520 567
861 641
136 800
158 829
749 796
488 975
497 695
710 654
618 233
193 930
381 29
789 246
812 185
582 471
999 370
345 756
113 624
383 832
407 205
873 78
489 509
150 658
587 985
850 5
419 751
259 834
933 965
977 169
996 147
7 908
983 503
769 677
440 109
612 451
56 605
962 142
323 472
402 985
542 824
393 234
299 696
806 374
899 528
592 46
209 626
835 450
817 883
657 998
605 808
421 173
541 407
578 96
83 578
725 511
748 816
751 591
187 992
354 115
762 884
445 424
261 477
60 193
173 619
88 10
605 635
696 457
571 695
18 845
370 908
980 1
583 164
640 784
199 671
917 528
644 824
166 556
726 596
71 609
629 407
813 304
600 131
451 499
328 326
951 422
554 732
573 336
6 563
586 205
344 752
509 138
573 449
710 858
132 892
738 627
810 900
399 390
55 288
703 628
79 430
710 516
588 684
971 772
328 770
661 64
185 895
594 485
890 956
580 16
439 354
510 633
683 281
276 145
25 919
100 509
817 467
11 356
52 376
509 703
242 90
519 196
595 546
465 995
502 680
929 106
368 652
756 653
612 487
892 87
753 319
554 312
313 366
796 365
959 227
119 70
621 256
714 22
690 185
166 61
924 201
249 473
998 990
860 795
984 358
592 153
509 131
613 765
407 146
828 341
951 849
70 159
22 975
773 781
632 985
501 164
231 511
748 171
394 922
238 765
723 543
725 512
174 869
265 911
611 242
795 491
45 648
157 974
92 344
749 672
110 982
628 535
684 993
407 854
944 564
918 66
507 537
97 54
80 920
751 988
896 608
714 427
992 217
754 984
906 537
858 830
550 908
510 217
956 467
21 613
779 362
999 706
241 737
280 822
387 969
489 467
742 561
917 89
519 501
78 95
707 877
569 652
16 636
399 267
651 914
360 495
475 619
911 492
113 649
646 907
357 270
789 881
959 33
233 641
398 499
77 784
996 58
725 740
764 78
713 792
443 178
717 832
845 267
616 109
281 932
912 862
539 552
299 568
449 47
303 144
145 210
881 200
165 272
683 862
784 150
221 644
647 827
959 997
411 51
729 44
412 360
160 497
385 26
416 875
438 744
377 759
248 554
952 194
361 781
583 78
614 800
65 293
909 498
822 829
374 142
476 377
884 622
169 263
23 100
1 590
771 126
791 99
775 542
499 697
942 501
529 176
563 488
479 720
945 128
947 462
641 655
239 424
888 79
295 586
106 427
137 888
414 364
842 363
989 200
974 164
521 851
439 856
413 829
340 771
935 664
619 618
25 813
600 695
193 918
694 65
440 372
901 681
155 795
997 48
284 701
871 603
485 236
804 520
996 248
52 304
181 84
385 599
170 199
9 195
857 391
621 678
345 347
532 233
587 431
351 405
578 379
93 3
355 942
856 498
657 616
952 92
644 370
369 254
170 505
40 517
807 887
118 322
602 407
363 361
454 832
921 813
129 196
486 625
10 164
832 271
316 144
154 311
616 502
501 156
505 89
503 546
343 841
371 921
615 669
834 452
321 703
464 173
583 195
72 739
226 372
430 122
364 243
145 762
645 701
741 808
306 126
653 98
656 138
344 181
509 372
809 444
461 753
145 452
780 107
891 751
620 874
487 349
405 965
439 158
666 78
407 636
453 494
702 959
974 128
477 504
358 421
654 854
642 631
883 198
519 166
620 671
536 268
112 910
640 828
25 777
559 844
695 420
397 781
589 313
510 578
497 865
245 799
697 207
638 862
659 439
219 508
630 990
920 905
834 723
742 1000
411 526
323 330
789 681
151 704
557 573
856 480
437 335
377 518
564 286
626 115
293 256
791 513
994 655
562 971
467 629
817 882
217 30
545 872
813 875
886 163
83 562
411 251
984 167
969 565
4 696
277 734
459 727
596 508
45 530
693 931
783 496
677 93
456 559
395 800
115 754
978 588
658 890
587 160
59 376
473 430
616 752
984 372
399 973
880 773
537 740
274 898
495 628
222 980
813 303
154 92
657 323
487 496
143 613
788 915
789 454
89 606
849 731
461 661
797 859
580 605
842 336
76 896
93 970
811 675
663 322
225 306
766 499
159 227
509 122
223 828
617 865
56 687
163 885
201 394
980 676
12 598
561 235
581 760
513 72
254 528
574 627
90 394
223 496
3 971
371 645
669 246
618 654
307 941
604 941
626 181
275 75
192 625
461 396
707 460
948 67
998 765
659 177
192 618
38 539
69 828
749 202
421 255
687 756
374 177
344 452
473 224
402 220
630 486
83 609
635 28
963 675
491 260
942 653
909 380
403 740
931 119
808 337
572 410
888 991
887 275
1 238
74 6
314 617
22 814
151 398
780 382
255 42
720 874
563 999
589 859
736 497
2 77
921 289
685 456
813 275
768 723
965 104
767 220
514 208
254 481
628 310
511 402
471 232
297 680
969 254
7 47
395 100
21 41
48 994
606 628
578 801
794 354
462 396
998 194
357 218
730 612
340 1000
822 444
399 485
318 719
711 908
323 87
31 302
509 864
627 133
366 219
168 840
876 844
376 555
517 612
186 308
405 534
122 694
138 179
466 740
964 379
325 989
859 71
57 65
425 421
760 512
11 98
303 460
971 414
823 593
740 81
25 652
545 69
656 858
255 596
721 806
865 992
661 551
283 2
243 712
337 627
568 145
234 909
218 278
385 901
942 975
66 194
986 787
679 276
283 505
353 406
47 158
218 757
296 210
977 717
563 180
444 972
365 600
458 74
126 415
654 253
53 779
112 249
165 833
919 56
79 783
279 217
746 520
619 778
804 360
383 389
24 922
336 860
649 669
732 986
235 146
201 6
575 574
183 914
790 190
690 450
124 906
700 175
171 571
832 799
382 991
581 124
585 121
309 37
953 765
310 386
408 134
282 156
31 492
24 769
20 787
537 111
242 735
24 342
741 759
707 955
615 226
565 569
91 398
260 897
439 968
137 682
154 584
46 602
485 154
267 859
987 200
272 755
916 68
477 980
397 253
319 7
726 756
603 408
713 584
487 845
110 248
203 566
534 622
574 523
276 842
59 586
856 812
824 330
860 408
310 633
43 94
114 843
48 680
602 195
711 551
493 50
574 869
612 440
264 912
790 273
817 708
323 399
911 22
570 916
243 676
424 357
167 407
503 287
804 968
182 940
181 535
536 570
26 584
505 239
17 123
899 869
867 185
411 803
838 362
715 509
905 549
800 349
840 666
774 925
611 781
923 153
511 287
657 469
876 223
383 441
3 231
666 429
79 912
80 978
828 393
460 975
301 7
528 469
819 758
659 909
197 182
865 116
98 541
125 937
942 240
966 650
111 769
819 688
500 776
653 468
819 916
107 614
435 927
298 561
405 251
495 704
172 26
393 707
488 863
729 903
694 179
534 296
516 995
565 17
3 816
579 337
686 471
12 514
752 907
876 954
738 288
441 56
544 903
466 541
125 888
826 333
954 774
674 137
894 564
401 491
938 274
939 119
669 130
449 487
566 266
768 381
346 921
19 53
682 799
55 819
248 935
730 3
786 881
588 165
570 936
434 343
754 268
293 400
921 927
574 99
812 940
360 627
658 454
363 340
865 522
204 956
888 853
174 732
598 874
765 893
805 390
166 320
98 10
320 48
49 598
714 832
520 153
313 893
633 880
27 955
50 120
913 958
199 665
224 331
633 993
306 161
831 969
61 457
524 807
332 320
67 916
16 86
804 55
625 726
576 446
410 370
235 491
992 174
149 983
921 102
707 597
870 131
638 191
349 656
991 833
814 842
998 39
567 22
859 860
237 544
73 583
878 941
655 608
949 948
161 228
694 14
676 525
915 975
807 357
591 434
629 747
423 28
704 734
484 30
143 173
39 76
297 902
81 478
854 307
820 839
413 439
198 695
672 92
906 360
601 592
678 764
437 674
699 691
80 161
782 977
482 193
622 41
221 912
739 847
498 995
338 844
359 550
179 388
451 914
754 304
644 18
965 442
731 608
184 477
256 826
598 240
47 106
322 567
477 857
388 616
396 225
143 948
37 145
95 431
409 346
49 707
813 992
857 852
54 172
336 492
645 611
520 810
139 478
314 840
791 206
944 719
317 579
729 515
272 204
736 353
884 857
943 608
966 323
474 517
935 912
257 41
41 658
963 475
660 473
755 861
21 33
975 288
962 641
615 249
693 543
829 800
253 24
514 504
914 968
702 711
300 409
353 610
138 94
980 284
451 45
216 764
668 834
428 267
358 588
252 199
369 271
309 56
739 687
665 272
397 239
704 826
6 77
143 129
497 10
579 212
797 53
857 474
323 402
731 305
270 175
891 183
251 212
659 61
991 240
796 482
503 314
805 380
22 651
960 624
631 62
467 413
506 125
341 893
112 28
916 938
105 921
415 746
491 112
365 599
807 512
847 759
114 985
407 918
721 409
165 832
788 960
304 435
230 686
737 858
819 372
477 95
979 133
762 255
727 867
312 682
175 392
384 483
538 140
11 772
432 479
417 621
827 166
168 489
166 852
426 757
135 159
118 637
874 247
508 744
487 648
275 1000
862 620
158 855
806 931
305 4
599 760
214 606
299 188
409 652
858 421
881 588
113 730
367 165
102 658
216 797
110 249
772 900
441 908
800 834
411 548
581 576
704 206
267 568
18 510
905 67
315 788
834 892
138 807
416 205
146 346
38 852
234 958
186 555
700 964
151 924
762 637
781 517
901 806
17 344
308 361
695 879
223 126
298 323
150 110
528 876
891 85
308 280
492 13
520 384
577 209
562 519
155 103
930 783
145 77
293 221
403 629
465 808
763 379
286 814
197 369
363 137
951 520
493 518
739 498
667 113
575 600
528 665
302 212
583 189
112 230
495 749
95 487
425 655
474 714
236 703
348 769
790 232
685 510
451 268
687 336
415 125
546 397
736 78
370 555
957 603
851 200
727 613
676 933
252 512
609 398
950 952
391 938
528 244
858 615
931 241
552 762
332 578
64 948
693 599
897 82
882 432
367 72
543 437
46 631
595 168
829 776
955 437
480 531
651 988
693 361
810 153
704 866
299 70
337 783
813 870
198 840
769 698
518 31
315 816
247 437
764 1
782 416
195 262
267 693
414 548
532 143
915 1
402 980
935 194
8 291
173 919
835 310
765 131
165 371
503 620
369 152
833 3
469 205
207 633
308 764
551 272
717 616
152 864
505 138
688 39
472 509
863 147
866 149
134 995
624 975
821 683
553 453
370 907
732 948
475 944
767 452
473 582
496 673
923 356
302 99
801 768
30 9
917 654
934 548
459 175
227 928
672 531
619 827
47 443
948 832
54 691
185 704
225 199
997 545
647 431
287 43
391 34
442 64
763 816
858 712
492 958
2 824
975 335
686 278
527 593
304 48
626 751
699 153
756 94
388 656
870 482
603 293
225 8
608 221
385 322
375 945
105 181
802 245
785 993
254 534
539 970
560 47
579 477
512 386
15 369
453 772
807 245
441 964
104 10
746 473
820 832
933 687
51 750
114 415
461 394
411 669
375 68
32 342
289 377
434 944
248 964
155 656
66 77
157 80
624 559
903 539
588 202
203 172
493 189
226 775
388 10
817 924
929 826
217 120
951 829
697 326
8 61
744 871
998 940
929 683
142 168
308 720
494 767
978 780
388 296
890 192
411 217
729 70
711 50
813 990
230 560
526 509
912 305
515 876
257 620
758 122
444 246
266 754
326 246
232 803
247 656
417 727
474 992
31 212
782 564
462 918
842 227
166 809
870 221
887 849
598 812
555 887
148 327
441 443
850 529
315 478
429 298
548 160
820 301
471 211
495 217
393 649
379 624
571 280
159 342
676 844
509 909
55 257
667 643
712 498
410 664
910 785
694 120
676 723
608 249
93 639
920 37
128 456
503 244
846 214
261 164
176 452
983 459
848 242
952 102
233 646
788 186
664 456
80 255
261 70
941 996
15 777
29 170
583 519
485 568
588 159
294 53
310 701
540 730
632 683
172 694
263 777
431 475
345 30
955 953
460 377
395 222
815 321
925 257
543 854
530 179
987 223
571 933
259 741
939 493
192 790
692 163
326 417
61 76
597 106
670 766
992 700
849 578
810 485
45 600
247 598
161 783
880 97
488 897
938 577
244 968
943 176
145 275
704 14
874 466
865 253
666 454
193 696
177 19
182 300
374 246
535 232
404 862
150 334
119 899
728 550
434 533
997 714
856 764
466 130
220 437
106 316
977 423
82 325
390 10
410 764
931 306
537 143
695 89
299 204
281 585
375 889
195 15
267 938
531 617
885 400
879 57
629 674
703 879
371 718
102 610
659 613
556 257
823 518
683 499
960 796
778 389
63 413
781 802
423 314
955 743
26 773
282 683
579 179
48 569
160 195
843 838
791 815
517 137
792 392
332 449
32 13
240 352
296 402
683 814
388 258
8 102
320 264
672 221
963 590
549 649
255 680
365 280
991 100
60 330
410 976
946 423
840 958
127 354
165 1
222 50
259 452
23 423
151 210
887 292
18 869
745 880
570 695
433 346
31 593
116 943
810 616
494 913
10 804
853 726
191 979
658 932
1 431
931 773
714 415
81 11
537 702
172 359
559 277
410 284
851 603
586 213
331 495
918 252
945 50
126 117
309 699
332 748
154 428
984 570
41 385
332 579
423 276
135 416
746 177
488 833
633 774
452 292
627 206
348 653
3 818
520 10
510 644
450 261
219 64
422 282
367 184
738 828
483 471
897 371
238 79
367 809
224 553
745 807
691 843
266 258
967 526
489 603
53 122
848 414
725 552
708 954
623 201
592 915
420 163
27 448
372 951
981 783
449 406
623 318
865 814
302 565
695 459
324 833
398 200
261 222
21 879
929 654
790 585
23 346
481 263
189 78
541 281
209 784
249 291
108 34
494 851
903 891
305 674
362 405
677 90
515 883
843 174
446 127
350 370
525 150
965 863
838 813
518 789
65 899
304 501
898 801
965 992
639 153
966 443
201 115
143 880
408 435
12 13
785 267
434 763
148 573
666 62
500 72
157 697
858 806
472 955
586 201
35 69
242 515
847 226
371 221
888 497
873 355
793 193
729 711
845 752
442 48
963 398
304 49
845 846
646 641
522 435
524 357
820 700
243 181
621 952
733 554
885 671
47 722
596 857
379 290
551 25
973 204
722 460
851 656
122 512
401 469
935 16
190 89
73 487
781 874
693 110
273 659
327 480
699 693
26 893
679 933
235 579
178 528
565 164
222 378
881 87
19 192
368 366
757 716
186 851
740 414
77 685
912 645
455 461
666 956
430 936
482 109
249 334
51 192
913 237
536 628
645 318
940 150
61 39
498 707
818 674
451 919
912 419
540 864
839 248
515 734
936 297
661 923
994 99
361 934
210 21
70 974
737 707
205 877
154 413
827 958
920 735
202 596
283 672
800 502
822 631
605 381
221 116
386 171
398 170
233 414
897 733
921 215
889 843
743 32
11 875
874 145
549 487
927 62
183 222
884 121
498 268
387 973
118 143
517 443
366 879
591 370
205 297
551 640
194 932
802 167
818 423
125 220
870 511
492 833
955 399
116 897
180 358
846 215
831 129
155 928
392 430
770 258
117 894
869 431
584 337
254 749
185 490
262 678
66 63
998 668
768 295
753 223
419 407
677 478
803 879
109 12
682 100
442 897
612 229
854 174
271 434
574 57
23 301
942 573
514 732
625 199
844 295
981 138
397 73
145 496
109 959
934 816
207 342
300 660
40 105
3 127
602 908
575 951
979 278
953 951
680 921
112 331
315 174
408 636
500 226
519 529
426 864
633 8
561 283
893 710
287 93
183 28
884 959
131 737
996 721
470 744
883 321
332 713
352 247
850 138
410 475
109 401
305 263
822 492
232 70
819 93
572 707
558 282
393 676
466 786
796 865
766 153
972 520
977 422
149 409
500 725
491 252
659 558
134 12
664 4
820 539
802 58
642 595
590 133
242 16
868 815
856 815
194 170
105 285
938 317
960 797
356 234
29 28
748 660
855 144
413 381
384 621
118 420
122 939
235 632
911 19
383 492
425 160
579 835
1000 300
857 165
285 980
839 269
458 312
574 74
351 183
299 536
195 987
568 31
184 296
95 178
333 889
636 886
605 737
491 449
438 712
829 505
667 450
579 526
490 651
79 895
64 44
500 245
69 309
810 617
245 20
709 357
767 435
36 17
93 192
573 214
226 483
785 302
606 902
942 132
258 345
222 542
320 563
582 441
620 516
785 729
769 252
552 764
957 827
782 571
918 22
596 834
786 680
897 193
647 405
444 944
102 700
42 852
983 29
950 334
739 745
847 83
214 758
941 521
950 568
807 160
55 42
741 172
172 601
714 693
445 133
747 983
234 814
843 660
284 466
895 712
401 268
380 395
522 787
645 39
403 324
96 818
904 255
449 6
808 603
204 808
939 423
613 708
921 99
711 187
235 642
715 188
952 858
881 148
455 377
869 955
808 377
239 955
496 453
993 862
230 522
835 884
550 473
473 987
520 156
44 714
265 999
250 303
588 763
628 568
519 955
597 771
107 507
895 98
974 599
421 637
443 29
904 537
747 43
982 822
141 366
880 904
370 762
33 906
293 959
344 757
242 512
405 58
542 533
563 730
732 163
842 431
127 699
77 338
666 209
736 910
247 729
31 417
822 468
275 659
128 806
96 180
349 542
530 242
746 146
747 631
324 460
841 766
932 515
538 646
337 79
379 436
252 190
894 373
567 305
739 692
370 17
196 69
797 268
67 243
414 868
734 889
769 363
458 700
369 463
828 818
924 945
836 325
80 619
237 208
110 38
756 540
830 319
243 579
816 665
85 364
359 893
432 658
986 25
454 595
162 14
540 752
479 36
618 940
730 226
859 394
38 237
810 90
459 56
563 446
90 918
587 260
687 865
443 673
912 533
592 301
886 131
75 160
49 998
251 408
792 782
409 430
32 899
18 682
3 22
538 405
433 459
544 831
679 579
569 697
501 70
794 867
791 90
710 14
309 943
75 517
166 732
903 397
211 453
220 141
297 684
321 731
15 866
328 246
880 515
810 978
542 625
64 720
907 180
859 671
567 198
436 580
167 756
573 593
371 41
764 528
360 310
968 53
767 911
551 594
79 832
745 165
271 731
113 563
720 485
423 428
171 415
725 796
580 113
621 923
90 229
471 416
366 78
793 456
228 171
871 643
364 539
339 999
91 866
704 787
243 607
506 261
56 122
21 964
549 666
104 262
35 900
535 979
58 513
523 671
85 98
341 456
382 700
471 853
865 710
882 668
575 323
317 79
679 314
382 527
437 982
114 581
288 426
606 254
689 754
839 876
291 938
733 755
993 324
995 690
45 743
227 540
466 316
302 46
16 499
344 992
18 545
790 195
828 114
442 437
528 350
197 77
843 442
871 61
267 403
272 299
917 309
535 234
791 348
116 34
667 978
615 56
266 857
61 645
710 788
96 30
727 563
486 327
769 151
36 434
242 731
149 125
281 301
216 962
628 91
390 8
979 620
517 563
336 442
100 291
674 14
488 5
659 414
570 207
953 189
238 433
585 574
721 41
557 323
744 342
302 978
364 639
163 764
717 61
994 898
995 423
797 101
800 695
48 684
422 490
126 912
345 207
753 250
29 317
549 550
397 313
949 380
402 145
714 630
951 871
53 472
616 962
102 394
757 564
406 696
463 953
155 120
28 234
156 983
734 739
465 813
961 160
174 823
984 127
587 42
877 79
311 490
279 136
192 18
320 71
731 843
754 680
538 461
169 358
970 634
361 526
218 989
644 721
436 622
332 324
358 237
480 821
433 58
457 140
206 273
64 378
775 799
563 705
987 413
861 310
382 449
763 902
953 398
832 541
251 631
177 360
56 519
440 678
423 487
262 35
101 25
543 438
237 969
890 789
444 945
964 296
224 555
116 617
190 208
34 804
29 703
99 278
251 947
685 659
551 94
844 164
299 345
377 521
428 643
971 121
345 43
956 605
351 5
613 882
815 394
636 181
998 820
490 955
677 405
578 213
51 104
212 300
817 966
148 83
749 915
493 709
41 476
353 466
902 697
338 646
65 454
999 639
1000 551
875 437
857 930
87 877
606 295
834 526
754 537
601 421
503 541
786 305
883 847
535 366
477 994
95 439
761 303
570 75
728 32
143 615
171 425
884 675
178 128
44 602
874 409
645 668
685 479
279 370
412 785
434 761
625 714
990 450
315 70
228 749
234 26
822 651
594 810
480 502
12 365
451 279
604 503
521 797
512 448
822 823
448 707
931 238
831 282
399 396
332 609
967 314
99 886
225 535
985 889
417 229
570 421
399 317
402 627
811 981
426 381
228 801
780 584
569 308
941 731
157 103
802 99
143 169
56 769
833 607
885 782
366 2
752 649
755 302
355 924
88 513
837 828
575 72
144 642
329 650
308 210
545 158
308 300
541 330
105 784
714 910
880 410
570 682
302 305
290 670
468 25
450 636
677 235
753 893
537 824
365 623
882 603
795 112
335 299
545 617
486 653
736 680
135 512
376 295
226 512
915 180
623 897
883 728
425 523
746 672
213 557
687 359
630 675
644 681
820 997
687 277
857 634
197 249
310 264
737 28
496 942
6 529
937 631
944 338
656 102
417 566
39 499
191 233
79 362
880 659
555 761
243 117
628 717
228 999
376 850
765 200
286 195
586 973
487 983
506 326
632 242
355 589
955 510
370 50
284 710
225 233
623 45
327 672
534 566
557 495
315 780
319 972
982 132
313 291
521 326
575 31
423 866
82 928
303 440
553 565
529 879
720 859
848 247
497 415
286 360
651 596
285 974
942 976
504 700
636 253
643 597
311 739
807 734
23 303
967 20
112 16
702 418
558 531
99 234
322 535
160 358
235 986
161 915
623 711
994 5
957 399
174 907
925 977
984 19
586 331
490 292
640 815
991 688
353 228
615 708
429 839
588 755
685 201
404 635
316 973
496 228
788 993
350 195
336 992
903 496
941 189
466 95
182 291
362 943
879 646
295 465
810 951
225 381
305 261
452 188
453 389
36 435
862 995
24 347
907 32
637 289
513 233
551 625
439 854
745 128
674 412
974 507
133 825
462 655
730 871
694 970
452 481
860 486
447 379
910 530
677 781
894 541
788 234
443 438
388 792
405 678
869 449
234 712
420 649
536 242
829 563
445 842
686 888
564 256
527 444
380 353
843 891
789 625
852 763
209 527
392 57
105 718
35 931
507 878
100 538
843 968
327 59
679 166
354 247
9 816
873 689
360 540
880 339
403 520
23 307
151 894
429 632
781 483
32 238
968 156
736 882
348 584
629 616
472 404
516 231
955 581
169 468
468 192
753 662
292 22
249 142
995 721
175 315
32 571
966 82
67 959
488 648
515 71
220 199
370 724
921 284
524 911
174 240
140 896
343 651
239 458
232 540
233 229
862 588
770 649
149 47
98 905
656 317
128 230
955 235
918 989
613 475
89 995
722 197
944 215
582 601
297 363
271 786
699 863
919 902
884 337
689 601
281 554
410 846
730 891
858 308
99 648
233 690
509 517
954 754
575 198
377 927
432 744
768 370
806 286
275 162
574 778
702 223
282 650
209 474
377 520
783 58
86 890
97 665
848 191
155 313
485 718
752 475
215 565
274 425
403 695
557 874
687 847
901 197
472 82
36 627
544 38
451 956
483 375
967 476
992 648
991 490
705 21
781 152
14 313
870 183
737 676
250 444
495 668
459 602
23 53
45 669
836 696
767 448
495 525
21 544
979 208
173 377
122 355
914 541
995 602
64 296
706 923
782 604
179 521
539 111
310 301
936 140
328 220
201 338
314 915
497 531
315 438
234 170
971 991
774 710
344 579
3 629
810 911
907 550
712 945
340 978
489 504
785 699
570 307
219 131
291 270
2 679
149 180
103 963
11 191
910 825
106 371
862 842
955 356
810 864
390 209
85 679
358 677
72 270
116 357
938 465
986 453
90 190
682 986
70 343
591 558
454 920
447 230
485 447
858 187
489 564
878 190
474 128
761 940
206 635
692 262
55 859
198 571
330 579
773 195
407 453
156 203
243 928
397 751
660 715
293 302
494 417
544 356
967 162
119 4
296 629
988 128
696 142
255 365
411 221
50 311
201 673
329 372
257 759
683 521
544 177
799 667
891 746
451 809
452 630
233 222
574 461
779 935
468 248
678 415
1 938
316 436
546 793
255 161
681 282
406 173
121 325
89 999
681 683
70 393
914 803
845 525
621 83
104 543
328 71
687 494
132 863
919 489
692 352
745 282
823 941
515 458
609 315
607 848
208 380
280 25
444 788
138 91
266 20
529 666
204 917
975 589
264 525
444 907
820 514
747 738
586 684
789 777
855 571
878 317
862 299
623 44
312 136
845 34
722 431
544 563
655 865
582 835
660 905
420 662
275 109
95 788
831 188
337 740
229 990
658 12
15 119
139 885
62 54
65 242
617 445
161 711
971 242
42 194
151 996
725 463
857 255
169 221
575 333
632 909
282 996
744 839
356 565
106 672
38 489
813 941
170 689
103 457
528 547
486 735
930 855
700 353
445 346
218 852
883 774
754 642
331 607
159 405
891 615
305 888
463 662
201 959
218 967
404 516
222 775
170 866
525 44
191 773
837 234
785 327
685 294
889 251
729 610
857 597
513 79
701 732
193 491
500 899
173 99
656 67
913 564
901 879
639 330
775 842
586 927
733 220
129 118
45 314
585 349
53 783
698 164
868 756
464 242
720 362
85 750
105 224
654 927
471 465
544 881
979 546
821 331
200 411
82 611
247 319
768 248
842 953
581 461
609 914
591 742
705 595
467 768
892 39
983 344
659 382
990 620
833 439
389 241
88 762
786 775
734 593
385 842
43 882
985 413
342 802
454 808
940 281
169 168
190 886
640 639
775 541
213 160
605 766
435 154
937 60
666 610
922 648
173 626
800 228
31 596
717 673
174 932
395 905
609 160
197 269
291 840
697 973
614 598
680 120
992 954
184 871
391 371
960 152
582 3
359 190
233 459
644 610
723 171
335 177
504 115
585 142
571 367
404 894
222 541
776 649
266 891
729 751
767 867
419 122
21 243
402 990
872 973
177 285
659 881
883 207
945 131
832 543
318 574
979 736
34 209
290 71
522 959
621 328
314 321
337 96
229 82
890 597
169 703
703 830
779 230
104 900
67 24
401 604
938 397
812 358
617 202
487 347
181 945
503 816
336 198
603 434
583 570
693 22
310 718
702 220
227 188
104 305
359 939
929 928
749 223
915 117
646 263
853 193
925 340
764 508
912 669
719 721
365 192
481 682
743 662
815 261
393 460
178 842
17 456
866 319
395 727
948 265
52 710
2 431
511 931
523 903
619 938
451 844
213 821
587 200
29 627
918 336
611 222
577 466
465 920
528 762
191 866
235 50
382 807
218 780
448 793
987 684
783 671
272 87
326 798
81 729
596 72
563 769
358 143
819 683
310 290
971 502
216 245
816 483
796 649
858 802
197 148
897 870
389 339
220 91
441 418
376 201
999 483
768 757
590 772
258 683
764 527
102 994
968 28
879 302
419 452
884 144
599 703
926 405
488 161
513 208
16 520
756 458
224 747
816 47
174 690
594 105
190 355
686 612
302 921
873 163
980 897
953 251
901 379
321 353
648 982
8 373
831 79
172 568
545 434
132 222
482 263
228 359
183 346
235 581
660 724
397 12
744 989
164 489
36 513
171 370
769 980
190 782
49 906
356 530
322 414
855 552
235 867
808 457
613 630
304 741
97 553
696 382
113 524
666 602
724 340
892 642
970 244
827 581
459 633
852 240
701 981
957 331
649 618
961 904
909 168
657 407
144 110
19 862
331 656
577 728
486 124
175 322
3 434
46 500
68 340
505 598
642 7
439 223
837 440
125 502
954 132
929 450
784 331
987 372
8 981
975 735
724 605
319 155
822 38
950 491
699 809
315 544
963 140
251 686
641 144
475 806
208 155
81 419
686 640
52 292
898 656
481 790
333 269
869 427
910 679
397 560
273 738
809 560
100 255
639 938
12 949
933 39
632 688
302 518
51 258
971 245
630 2
991 737
702 103
799 971
467 562
739 254
693 230
64 384
28 129
395 654
732 538
329 390
43 580
543 690
341 311
326 53
398 934
661 996
919 192
983 427
967 998
931 526
624 12
23 124
5 913
709 653
477 89
767 104
733 392
182 438
76 909
247 433
701 844
483 917
154 159
418 792
366 578
607 512
849 548
462 209
283 942
362 941
410 551
170 107
824 789
881 868
534 404
766 306
279 779
963 330
67 257
51 900
289 783
237 593
305 485
513 24
72 504
807 346
99 513
704 749
447 91
806 534
538 620
532 648
885 851
640 52
806 609
897 411
458 755
65 947
542 447
433 951
90 486
735 426
256 444
839 376
20 267
659 238
648 893
186 932
777 95
706 47
502 906
123 451
507 864
617 403
60 464
631 107
782 155
472 120
18 956
577 171
26 595
778 646
57 659
568 257
95 348
889 459
723 844
984 352
480 143
317 532
486 949
344 622
438 776
331 856
685 265
47 193
582 147
675 271
180 887
381 968
71 666
920 422
482 695
768 746
408 233
337 325
533 151
564 819
306 843
699 224
607 939
873 420
919 269
861 712
997 971
121 696
34 65
133 795
850 799
869 1
121 809
506 537
848 260
977 160
587 929
381 600
350 537
385 651
243 619
65 927
973 261
852 529
583 714
773 126
616 173
688 522
47 889
786 251
921 864
811 340
939 411
136 476
912 557
895 554
153 703
423 667
652 679
640 971
718 992
330 993
238 750
421 438
667 418
596 260
669 624
342 664
51 883
539 108
44 710
870 638
966 45
787 618
793 745
991 650
460 834
363 515
709 325
932 577
608 568
596 73
582 108
293 163
896 669
34 85
81 617
463 323
157 692
250 636
846 256
793 948
615 608
104 549
487 718
860 100
689 380
521 770
710 950
528 676
963 373
581 974
429 337
267 186
447 445
12 590
768 788
936 714
336 502
617 907
135 272
92 739
690 969
584 92
214 267
578 614
356 72
564 565
752 781
565 796
33 443
28 458
859 224
932 892
60 715
578 264
794 893
559 41
462 999
345 155
610 665
259 583
521 184
354 347
541 37
765 583
19 199
298 370
942 955
155 263
321 51
503 303
442 857
635 20
856 295
764 368
17 427
887 378
584 837
531 318
805 419
532 42
444 29
658 199
239 840
990 240
957 473
460 791
857 727
763 406
265 775
549 63
474 891
199 634
537 607
644 773
497 119
776 405
754 894
81 708
338 173
693 981
620 795
468 472
136 997
326 906
555 988
573 395
392 267
897 833
756 154
296 600
103 333
305 286
561 577
474 703
609 456
749 983
816 238
915 530
922 70
662 301
632 134
760 955
23 765
929 434
345 571
16 629
521 536
115 417
323 236
586 682
881 554
533 417
189 747
411 593
747 885
752 857
398 329
497 178
618 746
323 266
867 699
935 51
5 58
99 339
959 320
678 787
954 539
276 515
722 719
63 325
835 500
319 687
878 442
401 214
256 767
459 984
223 3
61 868
748 994
804 988
473 196
751 537
455 428
813 794
5 365
632 911
890 383
710 418
126 677
198 342
238 567
957 27
505 68
606 226
40 223
946 534
62 624
377 2
909 489
487 253
735 811
169 270
778 107
649 564
483 863
11 607
787 674
558 867
598 608
432 327
529 175
732 978
922 118
562 49
304 257
452 921
804 118
842 257
970 858
681 645
563 108
666 115
533 113
563 745
358 39
106 4
641 311
76 876
258 737
45 167
999 298
656 468
971 921
128 797
279 778
795 826
73 695
863 812
663 608
250 848
102 826
569 520
401 741
842 709
238 458
534 759
760 838
815 958
997 39
788 6
256 159
366 110
169 668
65 513
360 67
233 731
587 900
971 549
425 393
411 232
267 654
803 976
864 706
518 453
1000 386
378 282
325 753
889 639
678 831
796 430
464 719
587 371
532 464
401 178
240 358
838 298
284 233
436 476
661 805
574 222
795 799
505 247
565 441
895 902
295 869
50 509
141 18
490 756
877 264
255 436
258 238
689 530
544 251
170 949
227 572
671 535
784 953
987 834
979 618
348 792
219 621
680 9
885 208
742 379
210 936
248 11
690 414
672 637
306 407
128 987
111 664
827 219
408 379
83 187
749 786
81 109
629 844
794 307
414 448
876 667
534 433
681 899
96 173
483 767
881 547
747 398
840 60
883 126
885 532
964 133
362 563
788 427
717 507
719 669
410 845
324 651
879 91
149 480
133 939
685 750
100 385
963 980
871 711
360 191
364 607
494 174
481 861
686 808
47 538
670 603
950 621
991 497
920 688
705 686
997 398
817 792
329 658
77 672
26 658
502 919
854 120
205 515
187 909
942 527
29 398
602 368
919 293
541 275
834 287
122 29
805 398
112 91
735 77
979 503
213 819
706 599
145 435
74 491
992 634
884 568
331 392
829 137
80 648
1000 969
965 857
59 258
560 364
832 2
406 21
908 239
451 620
737 923
224 306
588 317
672 554
654 622
748 381
490 29
455 841
205 566
461 390
980 344
249 722
656 126
380 572
371 163
745 402
111 813
41 719
79 259
799 26
675 8
141 414
200 104
715 827
920 161
759 774
872 698
873 391
271 706
633 45
721 843
295 248
595 974
906 943
817 376
841 626
163 602
555 460
750 25
851 553
621 579
345 504
273 619
825 966
440 420
924 910
945 621
195 346
517 809
275 82
441 830
299 296
427 383
502 721
178 699
515 219
214 859
510 976
83 778
428 867
621 502
640 280
806 136
19 198
757 726
612 207
298 371
959 890
818 634
946 519
448 617
657 952
36 515
660 581
863 478
668 216
709 996
817 998
602 340
624 772
507 920
386 865
345 105
654 14
602 711
735 929
739 418
723 553
691 7
875 290
115 729
664 363
297 356
709 663
984 426
473 683
679 687
5 972
837 243
361 714
112 436
95 24
461 735
978 331
447 540
374 532
788 952
625 746
699 367
206 333
542 747
33 937
286 293
9 805
846 285
41 666
581 16
873 678
414 393
346 451
223 795
558 256
907 56
417 276
861 337
756 441
884 246
8 983
606 428
807 432
229 104
525 939
803 729
845 78
411 592
263 467
693 627
4 705
998 519
416 185
750 420
860 572
368 674
354 397
284 480
639 852
985 277
956 580
894 967
130 794
612 28
958 96
173 984
264 76
797 190
484 751
469 29
108 307
436 330
772 492
21 816
260 24
687 659
908 668
764 294
175 44
164 636
751 536
661 768
957 169
799 858
783 285
498 737
965 767
808 343
183 625
645 429
98 458
75 482
862 24
520 857
546 969
943 185
527 574
623 713
537 570
899 447
245 427
980 178
174 105
340 337
489 289
120 441
617 629
763 659
364 205
469 804
663 300
267 916
885 364
852 347
612 783
295 461
6 896
926 305
176 272
548 195
660 389
862 999
422 976
632 52
885 398
172 47
814 650
102 936
285 328
774 276
722 221
725 842
870 429
546 367
638 985
423 9
486 888
722 364
281 594
33 497
52 395
642 557
686 674
546 49
233 730
418 444
171 156
636 456
342 71
494 61
402 1000
384 611
773 247
385 734
649 441
389 254
82 896
947 700
674 860
161 375
234 839
473 5
350 861
432 633
544 304
907 974
947 813
86 203
804 866
865 884
216 745
398 290
282 596
653 579
618 880
35 820
320 190
946 350
493 621
701 200
524 583
175 225
718 821
594 767
650 203
995 836
64 34
965 868
709 367
446 799
658 927
608 542
295 770
827 800
733 490
534 229
115 943
667 772
742 376
460 97
675 305
750 855
507 469
804 107
78 528
58 277
274 829
586 124
362 911
58 388
242 617
810 919
686 258
775 671
395 423
876 660
181 506
538 829
581 889
582 450
90 900
458 928
2 590
335 758
543 445
600 511
217 575
487 795
259 830
926 94
110 157
669 661
133 938
158 375
604 963
787 357
916 327
898 230
635 959
981 679
213 269
108 597
843 650
440 231
406 908
669 10
212 587
673 463
431 299
624 571
660 819
646 506
950 908
511 846
38 74
26 514
394 794
91 902
700 710
60 357
995 898
87 872
92 950
809 986
934 227
350 490
745 964
669 590
164 537
766 978
162 804
71 308
4 499
211 209
119 126
753 694
365 680
349 35
369 685
545 175
118 864
999 169
743 164
357 633
340 649
89 911
720 947
537 355
865 62
794 114
106 202
400 701
935 999
224 17
352 198
867 590
979 931
352 220
538 966
421 810
353 414
763 953
323 980
987 365
435 912
914 989
152 204
564 785
91 250
595 262
471 37
404 482
741 391
194 970
507 369
604 129
141 957
401 684
354 644
707 152
301 695
216 733
120 270
82 550
345 360
769 670
309 205
147 30
294 147
960 859
800 756
284 413
506 285
967 888
111 454
43 814
320 425
32 477
605 912
87 441
604 709
240 336
739 886
242 386
316 925
670 488
104 447
389 623
705 939
647 968
946 407
145 124
495 585
388 272
654 899
13 189
515 711
933 124
169 391
170 616
559 150
869 810
736 685
202 89
240 796
153 955
939 820
444 142
801 843
658 852
163 334
400 108
878 843
438 980
663 37
956 17
600 251
106 780
970 981
311 207
352 388
286 411
839 565
880 938
827 149
776 757
228 654
814 909
687 385
249 749
250 670
733 67
805 630
954 272
811 761
793 918
477 389
850 161
524 34
488 994
766 21
806 956
646 725
500 841
708 406
771 600
186 472
982 586
271 801
772 794
315 549
959 372
964 222
234 575
290 509
76 270
771 463
560 451
636 310
48 311
307 571
751 103
57 79
226 622
467 872
838 809
195 313
626 207
366 434
278 239
105 580
60 600
136 184
104 268
86 172
144 739
95 54
285 634
957 168
174 55
563 273
486 576
195 885
553 363
735 119
355 810
733 357
356 640
751 96
51 82
232 896
587 4
438 662
575 559
120 623
193 485
271 13
151 420
912 164
952 741
760 430
541 877
267 312
624 237
145 676
663 446
810 670
667 827
372 35
267 393
947 475
935 990
900 931
704 292
563 747
326 519
681 532
439 828
520 662
336 515
758 538
797 906
870 64
998 21
729 768
821 95
822 487
941 992
474 657
127 633
315 355
980 631
768 815
966 582
388 145
704 625
669 481
51 822
642 955
864 887
315 577
979 550
693 284
289 110
362 620
988 680
57 506
205 146
233 729
17 932
569 407
878 139
561 690
911 26
665 612
886 662
712 393
144 688
10 875
119 35
527 40
341 5
659 96
511 750
26 559
647 899
728 445
981 85
160 441
551 359
511 826
988 154
670 691
451 967
947 970
363 243
919 368
516 737
374 401
122 118
821 606
899 252
247 160
279 134
815 48
356 779
596 749
117 34
45 709
541 704
948 710
418 601
417 413
37 289
41 934
547 492
624 265
951 342
225 178
881 823
390 674
27 612
714 278
914 724
224 118
315 417
68 175
28 992
550 963
349 642
758 614
799 32
529 580
701 48
95 91
154 515
837 270
430 684
489 400
425 107
759 274
823 815
627 214
280 85
320 898
262 37
764 965
985 912
210 137
496 70
312 358
313 19
426 274
411 618
232 221
584 134
923 261
897 331
826 339
475 867
114 225
538 591
208 102
462 543
47 695
52 287
34 830
207 957
751 282
958 703
927 704
366 362
721 297
722 514
434 506
566 435
683 245
227 49
190 903
19 285
854 233
51 236
566 733
878 739
756 489
826 774
999 902
152 873
395 715
602 737
131 213
89 323
643 334
2 346
342 595
793 324
672 334
182 595
424 135
610 227
283 732
212 238
361 748
657 431
509 444
535 74
421 614
300 889
230 510
110 800
746 150
685 362
893 647
569 817
783 459
7 403
785 557
880 621
582 659
480 379
561 6
889 913
217 731
984 955
270 754
401 897
935 708
955 266
629 991
647 208
347 122
573 808
360 511
432 988
911 412
920 65